camera_matrix:
- [660.8846353323966, 0.0, 616.3243642157562]
- [0.0, 581.4955866583969, 382.2185782352293]
- [0.0, 0.0, 1.0]
dist_coeff:
- [-0.07689323367946843, 0.15237419742065803, 0.0013595679763106626, -0.0479228627050408,
  -0.06559304215461073]
